0
1
2
3
4
5
6
7
8
9
10
11
12
13
14
15
16
17
18
19
20
21
22
23
24
25
26
27
28
29
30
31
32
33
34
35
36
37
38
39
40
41
42
43
44
46
47
49
50
51
52
54
55
58
59
60
61
64
66
67
70
71
72
74
76
77
79
82
87
92
94
98
100
101
108
115
120
121
122
124
125
128
129
133
144
148
152
63864
63865
63866
63867
63868
63869
63870
63871
63872
63873
63874
63875
63876
63877
63878
63879
63880
63881
63882
63883
63884
63885
63886
63887
63888
63891
63893
63894
63896
63897
63898
63899
63900
63901
63907
63910
63911
63912
63917
63926
63928
63931
63945
96762
96763
96764
96765
96766
96767
96768
96769
96770
96771
96772
96773
96774
96775
96776
96777
96778
96779
96780
96781
96782
96783
96784
96785
96786
96788
96791
96792
96793
96794
96795
96797
96798
96800
96801
96804
96805
96806
96808
117250
117251
117252
117253
117254
117255
117256
117257
117258
117259
117260
117261
117262
117263
117264
117265
117266
117267
117268
117269
117270
117271
117272
117273
117274
117275
117277
117278
117279
117281
117284
117289
117292
117294
117296
117300
117302
117304
117306
117308
117310
117319
117324
143880
143881
143882
143883
143884
143885
143886
143887
143888
143889
143890
143891
143892
143895
143896
143899
143900
143902
143904
143907
143919
143922
167392
167393
167394
167395
167396
167397
167398
167399
167400
167401
167402
167403
167404
167405
167407
167408
167409
167410
167412
167413
167414
167415
167418
167420
167421
167422
167434
167437
184931
184932
184933
184934
184935
184936
184937
184938
184939
184940
184941
184942
184943
184944
184945
184946
184947
184948
184949
184951
184952
184953
184954
184955
184963
198182
198183
198184
198185
198186
198187
198188
198190
198191
198192
198193
208811
208812
208813
208814
208816
208817
208818
208819
208820
208821
208824
208827
208829
208830
220595
220596
220597
220598
220599
220600
220601
220602
220603
220604
220605
220606
220607
220609
220610
220613
229933
229934
229935
229936
229937
229938
229939
229940
229941
229944
229950
229961
242788
242789
242790
242791
242792
242793
242794
242795
242797
253861
253862
253863
253864
253865
253866
253867
253868
253869
253871
253872
253873
253874
253880
253881
253884
253885
264883
264884
264885
264886
264887
264888
264889
264890
264891
264893
264894
264896
264897
264898
275545
275546
275547
275548
275549
275550
275551
275552
275553
275555
275557
275560
282779
282780
282781
282782
282783
282784
282785
282790
289385
289386
289387
289388
289389
289390
294866
294867
294868
294869
294870
294871
294872
294874
294875
294879
294881
300903
300904
300905
300906
300907
300911
300912
300915
300917
307485
307486
307487
307488
307489
307490
307491
307494
307495
307498
313692
313693
313694
313695
313696
313697
313698
319730
319731
319732
319733
319734
319736
324123
324124
324125
324126
324129
324131
324132
329508
329509
329510
333424
333425
333426
333427
333429
333434
338446
338447
338448
338453
342446
342447
342448
342449
342450
342453
345872
345873
345877
348901
348902
348903
348904
348906
352426
352428
355724
355725
355726
355727
355730
355734
355735
358608
358609
358610
358611
360923
360924
360925
362994
362995
362997
366407
366408
368843
368844
368845
371126
371127
371128
371129
372754
372755
375073
375074
375075
377655
377656
377657
377658
377659
379803
379804
379805
379806
382215
382216
383975
383976
383978
386269
386270
386271
386272
386273
388544
388545
388546
388549
390932
390933
392276
392277
392278
392279
392280
394621
394622
394623
394624
396628
396629
398784
400973
400974
402555
402556
402557
402558
404817
404818
406941
406942
406943
408534
408535
410037
410039
411449
411450
411451
413372
413373
413374
414917
414918
414919
416713
418335
418336
418337
419618
419619
421555
421556
422754
422755
424288
424289
424290
425719
425720
425724
427211
427213
428177
428178
428179
429471
429472
429473
430864
430865
430866
430873
432106
432107
432108
432109
432112
433289
434356
434357
435752
435753
436932
436933
438148
438149
439099
439100
440407
440408
440409
440410
441709
441710
443049
443050
443051
443052
444134
444135
444136
445626
446665
446666
446667
446668
447914
448830
449658
449659
450916
450917
452031
452032
452978
452979
452980
452981
454171
454172
455291
455292
456326
456327
457431
457432
458470
458472
459557
459558
459559
460722
460723
460724
460725
460726
461785
462710
462711
464163
464164
465255
466549
466550
467415
467416
468590
469487
469488
470345
470346
471248
471249
471996
471997
471998
472548
473329
473330
474008
475016
475619
476266
476267
477328
477329
477330
478216
478217
478218
479290
479291
479292
479938
480802
480803
480804
481428
481429
481430
482155
482889
482890
482891
483594
484448
485056
486046
486917
486918
486919
487742
487743
487744
488530
489206
490079
490081
490814
490815
491426
492244
492876
492877
493433
494011
494013
494709
494710
494711
495451
496186
496788
496789
497557
497558
498522
499021
499022
499023
499704
500576
500577
501208
501209
501725
501726
502371
502372
502995
502996
503437
503987
503988
504559
504560
505100
505101
505586
506151
506720
507292
507293
507294
507784
507785
508538
508539
508540
509091
509709
509710
510273
510585
510586
511303
511920
512425
513105
513106
513845
514272
514273
514274
514829
515296
515695
516101
516102
516760
517271
517899
518120
518121
518122
518682
519311
519720
519721
519722
520310
520311
520312
520313
520885
521429
521430
521803
521804
522530
522983
523548
523889
523890
524506
524507
525002
525533
525534
526029
526030
526478
526879
526880
527309
527310
527839
528322
528323
528836
528837
529365
529855
529856
530330
530852
531320
531910
532301
532760
533060
533590
533591
533998
533999
534628
535050
535051
535410
535774
536146
536147
536654
537236
537488
537941
538370
538905
539333
539667
540082
540452
540920
541218
541497
541847
542252
542662
542663
543114
543376
543729
544001
544408
544697
545003
545004
545437
545703
546114
546474
546870
547293
547545
547546
547844
548151
548152
548418
548790
549090
549091
549516
549746
550149
550475
550934
551190
551541
551542
551973
552414
552581
552879
553230
553231
553489
553837
554189
554523
554798
555013
555287
555601
555815
556304
556305
556699
557076
557077
557396
557721
558067
558068
558410
558731
559036
559386
559711
559712
560082
560421
560751
561001
561325
561676
562029
562338
562339
562340
562742
563050
563051
563471
563732
563943
564268
564498
564825
565089
565251
565537
565947
566365
566661
567004
567382
567607
567897
568303
568304
568646
568923
569251
569452
569653
569877
570319
570598
570841
571072
571454
571633
571908
572121
572328
572457
572458
572840
573062
573413
573738
574037
574038
574286
574615
574883
574884
575190
575356
575596
575863
576062
576254
576516
576705
577125
577372
577576
577719
577924
578294
578541
578834
579232
579509
579759
580035
580250
580406
580641
580907
581058
581308
581656
581912
582137
582344
582612
582809
583027
583256
583257
583451
583452
583745
584007
584286
584511
584724
584875
585079
585080
585282
585517
585839
586066
586169
586420
586670
586836
586837
587019
587256
587500
587819
588004
588178
588399
588647
588831
588986
589320
589496
589655
589873
590012
590013
590218
590385
590569
590792
590926
591210
591469
591641
591796
592021
592282
592437
592662
592840
592984
593259
593480
593694
593904
594098
594246
594556
594731
594887
595100
595246
595442
595661
595887
595994
596244
596400
596401
596660
596866
596986
597141
597311
597530
597792
597934
598112
598320
598539
598696
598840
598988
599465
599651
599652
599865
600096
600363
600555
600743
600946
601123
601194
601522
601693
601861
601997
602130
602330
602509
602653
602820
603004
603185
603281
603554
603826
604066
604241
604371
604516
604667
604855
605054
605279
605482
605708
605844
606038
606223
606405
606541
606820
606907
607117
607310
607530
607654
607712
607863
607864
608061
608228
608386
608745
608903
609001
609152
609153
609461
609462
609710
609891
610017
610018
610157
610361
610532
610668
610819
610988
611152
611385
611524
611780
611958
612241
612388
612699
612825
613006
613192
613209
613358
613359
613552
613553
613808
613990
614180
614326
614489
614626
615182
615292
615462
615607
615792
615903
616014
616200
616387
616526
616825
617027
617149
617324
617559
617719
618120
618318
618580
618707
618950
619081
619223
619381
619504
619657
619801
620015
620172
620348
620463
620627
620832
621043
621167
621255
621372
621409
621560
621707
621855
622155
622298
622437
622569
622751
622877
623042
623122
623206
623367
623456
623575
623745
623877
623946
624252
624429
624610
624756
624873
625041
625185
625281
625423
625715
625800
625925
626052
626198
626287
626408
626583
626697
626772
626864
626955
627128
627350
627459
627572
627888
628031
628220
628378
628555
628717
628815
628949
629266
629409
629523
629762
629891
630155
630290
630396
630555
630760
630870
630975
631108
631253
631363
631558
631677
631927
632099
632310
632458
632626
632978
633322
633437
633516
633614
633726
633843
633963
634046
634142
634283
634435
634631
634707
634801
634967
635113
635267
635467
635613
635614
635674
635817
635905
635998
636201
636313
636468
636640
636729
636848
637199
637631
637695
637971
638088
638213
638374
638489
638642
638742
638847
638950
639076
639157
639294
639432
639532
639628
639804
639892
639991
640109
640208
640331
640403
640495
640640
640976
641149
641249
641507
641601
641754
641885
641964
642056
642220
642303
642396
642542
642671
642892
642985
643138
643257
643554
643642
643728
643853
643919
644044
644345
644435
644535
644824
644876
645012
645098
645213
645295
645391
645517
645740
645833
646411
646515
646637
646733
646803
646952
647109
647190
647248
647349
647434
647544
647635
647687
647768
647894
648007
648115
648211
648535
648822
648911
648986
649094
649341
649627
649711
649804
649905
649987
650232
650340
650417
650513
650623
650703
650791
650946
651064
651166
651325
651369
651449
651648
651726
651841
651953
652044
652157
652267
652278
652371
652446
652548
652656
652738
653082
653223
653480
653770
653859
653958
654098
654160
654239
654298
654391
654481
654622
655047
655147
655215
655323
655424
655522
655664
655738
655829
656142
656208
656365
656524
656741
656861
657139
657228
657308
657380
657492
657568
657671
657721
657779
657979
658057
658180
658252
658592
658618
658721
658809
658885
658990
659087
659186
659261
659429
659512
659605
659710
659936
660010
660112
660178
660428
660564
660841
661077
661150
661344
661449
661532
661599
661753
661934
662101
662197
662307
662515
662591
662714
662813
663172
663231
663308
663512
663564
663647
663744
663812
663875
663964
664159
664263
664314
664387
664498
664572
664828
664927
665049
665447
665506
665573
665755
665976
666127
666210
666529
666787
666906
666988
667192
667375
667617
667669
667858
667951
668150
668367
668416
668581
668632
668896
669179
669274
669341
669663
670355
670444
670683
670767
670850
671001
671258
671343
671402
671686
671746
671812
672013
672223
672409
672526
672664
672765
672870
673249
673368
673482
673572
673779
673829
673870
673933
674074
674132
674223
674405
674549
674977
675074
675147
675218
675275
675556
676011
676695
676758
677382
677605
678001
678193
678949
680206
680429
680963
681410
681560
681644
683108
683249
683379
683428
683528
683616
684015
684658
684778
684910
685497
686190
686379
686753
687031
687075
687111
688868
689938
690177
691708
692281
692413
692981
693110
693204
693263
693383
693522
693751
693791
694640
695762
696559
697948
698432
698613
698644
698742
699011
699351
700338
700644
700878
700900
702135
702558
702795
706835
708459
708619
715911
717477
717499
717798
719867
719882
727582
731524
738369
738736
799553
